#Y134-4 #only one leaf on plant 
#Leaf 1

7 # number of measuremnts 

0 # time  

8 # number of data points

    1.0000    8.4115    9.5192
    2.0000    9.1008    8.7561
    3.0000    9.5192    9.7900
    4.0000    9.2977   10.5285
    5.0000   10.2577   10.4054
    6.0000   10.2823    9.6423
    7.0000   10.0116    8.8300
    8.0000   11.1931    9.6669

2 # time 

11 # number of data points

    1.0000    7.5466    9.6158
    2.0000    8.5936    8.2945
    3.0000    9.1421    9.9897
    4.0000    8.8429   11.5104
    5.0000   10.8124   11.4357
    6.0000   11.0866   10.0645
    7.0000    9.9149    8.1948
    8.0000   12.5076   10.1144
    9.0000   12.3830    8.5936
   10.0000   12.6323   10.9121
   11.0000   13.7043   10.2141 

4 # time 

28 # number of data points 

    1.0000    6.9356   12.3299
    2.0000    7.9343   10.8734
    3.0000    9.2244   12.7460
    4.0000    7.6430   15.1597
    5.0000   10.8474   15.9920
    6.0000   13.0946   12.8709
    7.0000   10.2648   10.2908
    8.0000   16.5902   12.5380
    9.0000   15.5498    9.4169
   10.0000   14.6759   16.6578
   11.0000   19.2535   12.1634
   12.0000   11.0554   11.8721
   13.0000   10.8890   13.4951
   14.0000    9.3076   15.8255
   15.0000   11.3884    9.8746
   16.0000   12.5536    9.8330
   17.0000   13.2610   11.0814
   18.0000   13.1362   14.3274
   19.0000   12.5952   16.2833
   20.0000   14.3430   13.7864
   21.0000   14.9256   11.6224
   22.0000   18.0883    9.7914
   23.0000   16.8815   11.2063
   24.0000   15.8411   14.4522
   25.0000   17.3393   15.8255
   26.0000   19.0455   14.0777
   27.0000   17.5889   12.8293
   28.0000   19.4200   10.5821

6 # time 

48 # number of data points

    1.0000    9.4610   17.1408
    2.0000   10.1428   15.4931
    3.0000   12.0177   17.8226
    4.0000    9.9155   20.2089
    5.0000   13.8927   21.8566
    6.0000   17.5290   17.8794
    7.0000   12.9836   14.1863
    8.0000   23.3244   17.4817
    9.0000   19.2903   11.4022
   10.0000   19.1767   23.7884
   11.0000   26.4493   16.7999
   12.0000   14.3472   16.0612
   13.0000   14.1768   18.6748
   14.0000   12.3018   21.7430
   15.0000   13.7223   13.2772
   16.0000   15.7109   12.7090
   17.0000   17.2449   15.0953
   18.0000   17.1313   19.9248
   19.0000   16.3927   22.7657
   20.0000   19.2903   19.3566
   21.0000   19.9153   15.4362
   22.0000   23.7789   10.9477
   23.0000   23.0403   14.0726
   24.0000   21.6199   20.1521
   25.0000   24.4039   23.6179
   26.0000   27.8698   21.3452
   27.0000   25.0857   18.2203
   28.0000   27.0175   11.8568
   29.0000   22.4721   10.9477
   30.0000   22.3017   13.1067
   31.0000   22.0176   15.2658
   32.0000   21.9039   22.0839
   33.0000   22.3017   24.1293
   34.0000   23.3244   20.7771
   35.0000   23.2676   19.1294
   36.0000   23.7789   15.0385
   37.0000   24.2903   13.1067
   38.0000   25.9380   13.3340
   39.0000   25.9380   15.2090
   40.0000   25.3130   20.9475
   41.0000   26.3925   22.9361
   42.0000   27.5289   19.2998
   43.0000   27.6993   15.4931
   44.0000   28.0402   13.5613
   45.0000   29.0629   12.2545
   46.0000   29.9720   13.5045
   47.0000   28.8925   16.5726
   48.0000   29.3470   19.1294
 
8 # time 

52 # number of data points 

    1.0000    4.4012   12.3170
    2.0000    5.2860   10.5474
    3.0000    6.8660   13.2650
    4.0000    4.7172   15.4138
    5.0000    8.3828   17.8786
    6.0000   12.7436   14.0866
    7.0000    7.9404    9.5362
    8.0000   20.6437   14.5290
    9.0000   15.2716    6.1866
   10.0000   13.8812   21.4179
   11.0000   25.1941   14.6554
   12.0000    9.3940   11.4322
   13.0000    9.2044   14.2762
   14.0000    6.6132   17.3098
   15.0000    8.9516    8.4618
   16.0000   10.8476    7.8298
   17.0000   13.0596   10.6738
   18.0000   12.4276   16.4882
   19.0000   10.7844   19.7114
   20.0000   15.0820   16.3618
   21.0000   16.0300   11.3058
   22.0000   20.8333    5.5546
   23.0000   20.3276    9.8522
   24.0000   18.1156   18.1946
   25.0000   20.0748   23.1875
   26.0000   26.5213   22.6187
   27.0000   23.6773   16.1090
   28.0000   25.1309    5.7442
   29.0000   19.0004    5.4914
   30.0000   19.0004    8.3354
   31.0000   18.9372   11.2426
   32.0000   17.8628   20.2802
   33.0000   17.1676   23.0611
   34.0000   20.3909   19.3322
   35.0000   20.7701   16.9938
   36.0000   22.1605   11.5586
   37.0000   22.1605    8.7146
   38.0000   25.1941    9.6626
   39.0000   25.5101   12.5066
   40.0000   22.9821   20.3434
   41.0000   22.9821   23.6931
   42.0000   27.4693   19.1426
   43.0000   28.5437   13.0122
   44.0000   28.4173    9.4730
   45.0000   28.9861    6.6922
   46.0000   31.6405    8.6514
   47.0000   31.0717   15.0978
   48.0000   30.4397   19.9010
   49.0000   33.9157   12.4434
   50.0000   30.7557   17.1834
   51.0000   33.1573   14.9082
   52.0000   32.0829   12.6330

11 # time 

70 # number of data points 

    1.0000    8.4146   26.5503
    2.0000    8.8453   24.4826
    3.0000   10.5685   27.0673
    4.0000    8.9315   29.9104
    5.0000   12.8947   32.4951
    6.0000   17.5471   26.7227
    7.0000   11.1715   22.4149
    8.0000   28.5750   25.4303
    9.0000   18.1502   15.9532
   10.0000   19.8733   36.5444
   11.0000   34.6921   24.3103
   12.0000   12.8085   24.1380
   13.0000   12.7224   28.1011
   14.0000   10.9131   31.8058
   15.0000   11.7746   20.8641
   16.0000   13.9285   19.6579
   17.0000   16.2547   22.5010
   18.0000   17.3748   29.9104
   19.0000   15.5655   34.4767
   20.0000   20.6487   29.1350
   21.0000   20.9071   22.0702
   22.0000   24.6980   12.3347
   23.0000   26.4211   18.4517
   24.0000   25.1288   31.3751
   25.0000   28.4888   38.6983
   26.0000   38.8275   37.9229
   27.0000   33.5720   27.5842
   28.0000   30.2981   11.2146
   29.0000   22.6303   13.2824
   30.0000   24.0087   16.7286
   31.0000   24.3534   20.7779
   32.0000   25.2149   34.9074
   33.0000   25.0426   38.4398
   34.0000   29.0058   33.1843
   35.0000   29.2642   29.3935
   36.0000   29.0919   20.6918
   37.0000   28.4027   16.2117
   38.0000   32.7966   16.6424
   39.0000   34.6059   20.6056
   40.0000   32.9689   34.1320
   41.0000   33.1412   39.3014
   42.0000   39.8614   31.8920
   43.0000   39.0860   20.0887
   44.0000   37.1044   15.1778
   45.0000   35.9844   10.6115
   46.0000   40.9814   12.0762
   47.0000   44.7723   23.7072
   48.0000   45.2030   33.0982
   49.0000   46.3231   15.2639
   50.0000   44.8584   28.1873
   51.0000   48.3047   23.6210
   52.0000   44.8584   18.5379
   53.0000   36.3290   27.3257
   54.0000   36.2429   32.8397
   55.0000   42.8768   35.3382
   56.0000   42.5322   31.7197
   57.0000   41.9291   28.1873
   58.0000   41.7568   23.9657
   59.0000   42.0153   20.4333
   60.0000   42.0153   17.2455
   61.0000   42.5322   14.4024
   62.0000   43.4799   12.9377
   63.0000   48.9939   18.1071
   64.0000   47.8739   20.2610
   65.0000   46.6677   23.1041
   66.0000   47.3569   26.2919
   67.0000   49.1662   29.1350
   68.0000   50.3724   25.6888
   69.0000   49.7693   21.1225
   70.0000   50.2001   23.5349

13 # time 

70 # number of data points

    1.0000    5.3207   23.3961
    2.0000    5.7315   21.5475
    3.0000    7.1693   24.0808
    4.0000    4.9099   26.6825
    5.0000    8.0841   29.5763
    6.0000   13.8711   24.6574
    7.0000    8.1805   19.5455
    8.0000   25.0592   25.0432
    9.0000   15.8965   14.4337
   10.0000   14.2569   34.6881
   11.0000   32.3894   24.8503
   12.0000    9.2415   21.5710
   13.0000    8.8557   25.1396
   14.0000    6.2515   29.0941
   15.0000    9.0486   18.2917
   16.0000   11.4598   17.3272
   17.0000   13.2924   20.3171
   18.0000   13.2924   27.8402
   19.0000   10.7847   32.2769
   20.0000   16.8610   27.5509
   21.0000   18.3078   20.6065
   22.0000   23.0338   11.4437
   23.0000   23.8054   17.5201
   24.0000   20.8155   30.8302
   25.0000   23.2267   39.0284
   26.0000   34.6078   38.8355
   27.0000   30.2675   27.8402
   28.0000   28.9172   10.3828
   29.0000   21.0084   11.9260
   30.0000   21.8764   15.4946
   31.0000   21.8764   19.8349
   32.0000   20.4297   33.8201
   33.0000   18.7900   37.4852
   34.0000   24.8663   32.9521
   35.0000   25.4450   29.3834
   36.0000   26.6024   20.0278
   37.0000   26.6024   15.6875
   38.0000   30.9427   16.0733
   39.0000   32.3894   20.7994
   40.0000   28.6279   34.8810
   41.0000   28.4350   40.2822
   42.0000   37.0190   32.6627
   43.0000   37.5013   20.4136
   44.0000   36.2474   14.7230
   45.0000   35.5723    9.5147
   46.0000   41.0699   11.0579
   47.0000   45.0244   24.9467
   48.0000   44.4457   34.8810
   49.0000   47.9178   14.6266
   50.0000   44.8315   29.4799
   51.0000   52.0652   25.3325
   52.0000   46.4711   18.6775
   53.0000   33.3539   27.9367
   54.0000   33.2575   33.9166
   55.0000   40.6841   37.3887
   56.0000   40.6841   33.0485
   57.0000   40.3948   29.1905
   58.0000   40.5877   25.1396
   59.0000   41.4557   20.8958
   60.0000   42.3238   16.9414
   61.0000   43.4812   13.7585
   62.0000   44.5421   12.0224
   63.0000   51.9687   17.6165
   64.0000   50.3291   21.0887
   65.0000   49.0752   24.1751
   66.0000   49.2681   27.9367
   67.0000   51.4865   30.9266
   68.0000   54.2835   27.5509
   69.0000   54.8622   22.1497
   70.0000   56.3090   25.6219
 

