#Y134- 2 #only one leaf on the plant
#Leaf 1

8 # number of measuremnts 

0 # time  

7 # number of data points
 
    1.0000    9.2888    8.7863
    2.0000    9.7661    8.0325
    3.0000   10.1430    8.7611
    4.0000   10.0676    9.5400
    5.0000   10.8967    9.3641
    6.0000   11.0977    8.3089
    7.0000   11.2987    8.8868


2 # time 

7 # number of data points

    1.0000    8.9032   10.0694
    2.0000    9.6430    8.8775
    3.0000   10.3416   10.1105
    4.0000   10.2183   11.2201
    5.0000   12.1088   11.3434
    6.0000   12.7664    9.1241
    7.0000   13.3007   10.3159

4 # time 

20 # number of data points 

    1.0000    3.7457    9.8216
    2.0000    5.4546    7.8469
    3.0000    6.1761   10.0494
    4.0000    4.8850   11.9481
    5.0000    8.4925   13.0114
    6.0000   10.9608    7.2014
    7.0000   12.8215   10.6950
    8.0000    8.3026    7.0115
    9.0000    8.2267    8.1127
   10.0000    7.9988   10.0114
   11.0000    7.2014   11.9481
   12.0000    6.7077   12.8595
   13.0000    9.3279   10.9988
   14.0000    9.8975    9.1001
   15.0000   13.2012    8.6444
   16.0000   11.5684    9.5557
   17.0000   10.6950   11.2646
   18.0000   11.2266   12.8974
   19.0000   13.9987   12.3278
   20.0000   14.2645   10.0494  

6 # time 

38 # number of data points 

    1.0000    2.0784   11.3879
    2.0000    2.8902    8.5251
    3.0000    4.9412   10.9606
    4.0000    3.2748   13.4816
    5.0000    7.2913   15.1480
    6.0000    9.7268    4.8931
    7.0000   15.2388    9.8497
    8.0000    5.8385    6.2177
    9.0000    6.6076    8.0123
   10.0000    7.4195   10.5333
   11.0000    6.4367   13.1398
   12.0000    5.4539   14.5926
   13.0000    9.6841   11.5588
   14.0000   10.0687    8.4396
   15.0000   14.5552    4.8077
   16.0000   13.2306    8.3114
   17.0000   12.2478   11.4734
   18.0000   12.2905   14.5926
   19.0000   18.6571   14.7207
   20.0000   20.2381    6.3886
   21.0000   17.5035    4.7649
   22.0000   16.4780    6.0468
   23.0000   15.7516    7.9696
   24.0000   15.2388   12.1570
   25.0000   15.1961   15.1908
   26.0000   17.1616   15.2762
   27.0000   16.8625   13.9944
   28.0000   17.1616   12.1143
   29.0000   17.4180    9.8924
   30.0000   17.8453    7.7560
   31.0000   18.4862    5.7904
   32.0000   19.7681    8.1405
   33.0000   19.4690   10.2770
   34.0000   19.1272   12.3707
   35.0000   21.5627   12.4561
   36.0000   21.0927   10.5761
   37.0000   21.1354    9.0378
   38.0000   21.8191    8.0123

8 # time 

42 # number of points 

    1.0000    7.9383   17.2499
    2.0000    9.0288   14.5655
    3.0000   10.8744   17.4177
    4.0000    8.6094   19.5988
    5.0000   12.1327   22.2832
    6.0000   17.1660   11.1261
    7.0000   23.8771   18.5083
    8.0000   12.3005   12.3844
    9.0000   13.2233   14.6494
   10.0000   13.6427   17.3338
   11.0000   11.5455   19.7666
   12.0000    9.9516   21.2766
   13.0000   15.9077   18.8438
   14.0000   17.1660   15.3205
   15.0000   22.8705   11.0422
   16.0000   21.1088   15.7399
   17.0000   18.6760   19.2632
   18.0000   17.7533   23.7093
   19.0000   26.2260   27.2327
   20.0000   31.7626   12.5522
   21.0000   26.8132   10.2872
   22.0000   25.7227   12.6360
   23.0000   24.8838   15.5721
   24.0000   22.7027   21.3605
   25.0000   20.5216   26.0582
   26.0000   23.3738   27.1488
   27.0000   24.2966   24.5482
   28.0000   25.9743   21.8638
   29.0000   27.0649   18.8438
   30.0000   28.2393   15.4883
   31.0000   28.9943   12.0488
   32.0000   31.0915   16.7466
   33.0000   30.3365   20.2699
   34.0000   29.0782   23.3738
   35.0000   32.2660   25.7227
   36.0000   32.4338   21.7799
   37.0000   34.0276   17.9210
   38.0000   34.7826   16.0755
   39.0000   19.5988   10.7905
   40.0000   15.0688   23.7932
   41.0000   28.8265   26.9810
   42.0000   33.4404   14.2299

11 # time 

56 # number of points 

    1.0000    4.5239   20.0010
    2.0000    5.1743   17.1556
    3.0000    7.1254   20.0823
    4.0000    5.2556   22.9278
    5.0000    8.9140   26.2610
    6.0000   13.4667   11.9525
    7.0000   22.5721   20.6514
    8.0000    8.2636   14.3915
    9.0000    9.1579   16.6678
   10.0000   10.1335   19.7571
   11.0000    7.8571   23.0091
   12.0000    6.7189   24.7163
   13.0000   12.8163   21.6270
   14.0000   13.6293   17.0743
   15.0000   20.4583   10.0014
   16.0000   18.9137   17.1556
   17.0000   16.3121   22.1148
   18.0000   15.1739   27.8869
   19.0000   26.3118   32.3583
   20.0000   32.4092   10.5704
   21.0000   25.3362    9.2697
   22.0000   24.6045   12.6029
   23.0000   23.7916   16.7491
   24.0000   21.3526   24.6350
   25.0000   18.8324   30.4885
   26.0000   22.3282   31.8706
   27.0000   23.7916   28.6999
   28.0000   25.8240   25.2041
   29.0000   27.3687   20.8953
   30.0000   28.6694   15.8548
   31.0000   28.9946   11.6273
   32.0000   33.3034   17.0743
   33.0000   32.2466   22.6026
   34.0000   30.0515   27.6431
   35.0000   35.9863   31.3015
   36.0000   35.9863   24.7976
   37.0000   38.7504   17.8873
   38.0000   41.0268   15.2857
   39.0000   16.4747   10.9769
   40.0000   12.0033   28.1308
   41.0000   30.1328   32.4396
   42.0000   36.3928   11.9525
   43.0000   31.1897   24.7976
   44.0000   33.2221   19.0254
   45.0000   32.9782   14.0663
   46.0000   36.3115   14.7166
   47.0000   35.9863   17.1556
   48.0000   34.7668   22.2774
   49.0000   33.1408   27.4805
   50.0000   33.4660   32.1144
   51.0000   36.0676   27.4805
   52.0000   37.2057   21.2205
   53.0000   43.3844   18.2938
   54.0000   40.8642   22.6839
   55.0000   40.8642   28.2121
   56.0000   43.7096   24.7163

13 # time 

61 # number of points

    1.0000    4.4408   21.0469
    2.0000    4.5285   18.0655
    3.0000    6.5453   21.1346
    4.0000    5.1423   23.9406
    5.0000    8.5622   27.1851
    6.0000   11.5436   12.2780
    7.0000   22.5924   20.6962
    8.0000    6.8084   15.1717
    9.0000    7.7730   17.5394
   10.0000    9.0006   20.9592
   11.0000    7.4222   24.0283
   12.0000    6.4577   25.6944
   13.0000   11.9821   22.7130
   14.0000   12.3328   17.7147
   15.0000   18.6464    9.0335
   16.0000   17.8572   17.2763
   17.0000   15.5773   23.0638
   18.0000   14.7004   29.3774
   19.0000   27.0646   34.0249
   20.0000   32.2382    7.3674
   21.0000   24.1708    7.0167
   22.0000   23.8201   11.3134
   23.0000   23.3816   15.9609
   24.0000   21.3648   25.0806
   25.0000   18.7341   32.0957
   26.0000   22.5924   33.3234
   27.0000   24.0831   29.7281
   28.0000   26.5384   25.0806
   29.0000   28.2045   20.6085
   30.0000   28.8183   14.3825
   31.0000   28.3799    9.9104
   32.0000   34.2551   15.2594
   33.0000   34.1674   21.7484
   34.0000   31.7998   27.8866
   35.0000   37.8503   32.5342
   36.0000   38.4641   24.3791
   37.0000   41.0948   15.7856
   38.0000   43.6378   10.6996
   39.0000   14.4374   10.6996
   40.0000   11.5436   29.3774
   41.0000   31.4490   33.9372
   42.0000   37.2365    7.8936
   43.0000   32.9397   24.5545
   44.0000   35.2196   17.4517
   45.0000   33.7289   11.7519
   46.0000   37.6749   11.7519
   47.0000   37.9380   15.0841
   48.0000   37.2365   21.4854
   49.0000   35.3073   27.7990
   50.0000   35.3073   33.4987
   51.0000   38.8149   28.1497
   52.0000   40.2179   19.6439
   53.0000   47.9345   14.8210
   54.0000   45.1285   21.2223
   55.0000   44.6900   28.9389
   56.0000   48.6360   24.9052
   57.0000   20.1371   28.4128
   58.0000   28.4676    7.0167
   59.0000   42.6732   24.1160
   60.0000   45.1285   18.5916
   61.0000   49.6883   20.7838

15 # time 

61 # number of points

    1.0000    6.0460   25.5523
    2.0000    6.0460   22.5095
    3.0000    7.8934   25.6610
    4.0000    6.6981   28.3777
    5.0000    9.6322   31.7465
    6.0000   13.5443   17.1847
    7.0000   22.7812   25.9870
    8.0000    8.5455   19.9015
    9.0000    9.6322   22.1835
   10.0000   10.5015   25.6610
   11.0000    8.9801   28.7037
   12.0000    7.8934   30.1164
   13.0000   13.3269   27.6170
   14.0000   14.0876   22.7269
   15.0000   20.2818   14.0333
   16.0000   18.8691   22.5095
   17.0000   16.5870   28.1604
   18.0000   15.7177   34.5719
   19.0000   27.6714   39.6794
   20.0000   33.4309   12.1859
   21.0000   25.6066   11.7512
   22.0000   24.9546   16.0980
   23.0000   24.0853   21.4228
   24.0000   22.2379   30.4425
   25.0000   19.5211   37.1800
   26.0000   23.3246   38.8100
   27.0000   25.0633   35.2239
   28.0000   27.5627   30.5511
   29.0000   28.9754   26.2043
   30.0000   29.6274   19.6841
   31.0000   29.6274   15.0113
   32.0000   36.0390   20.9882
   33.0000   35.4956   28.0517
   34.0000   32.9962   33.8112
   35.0000   38.8644   39.0274
   36.0000   39.9511   31.2031
   37.0000   43.6459   21.2055
   38.0000   46.1453   15.7720
   39.0000   16.2610   15.5547
   40.0000   12.4576   33.9199
   41.0000   32.2355   40.0054
   42.0000   39.2991   12.7292
   43.0000   34.4089   30.5511
   44.0000   36.3650   23.4876
   45.0000   35.3869   17.0760
   46.0000   39.6251   17.1847
   47.0000   39.8424   20.7708
   48.0000   39.0817   27.6170
   49.0000   36.7996   33.8112
   50.0000   36.0390   39.8967
   51.0000   40.0597   35.2239
   52.0000   42.3418   25.8783
   53.0000   51.5788   20.7708
   54.0000   47.9927   27.8344
   55.0000   46.5799   36.3106
   56.0000   51.6874   32.1812
   57.0000   20.6078   33.5939
   58.0000   29.6274   11.6425
   59.0000   44.9499   31.0945
   60.0000   48.1013   24.9003
   61.0000   53.5348   27.2910





 



