#Y134- 1 #only one leaf on the plant.  
#Leaf 1

8 # number of measurements 

0 #time 

11 #number of data points

1.0000    7.2801    9.8147
2.0000    8.0356    8.7668
3.0000    8.0356    9.6929
4.0000    8.1331   10.5703
5.0000    9.0105   10.5459
6.0000    8.8155    9.5467
7.0000    8.9861    8.6205
8.0000    9.9610    8.8155
9.0000    9.4492    9.5223
10.0000   9.6198   10.4240
11.0000   10.0828   9.4248

2 # time

11 # number of data points 

    1.0000    8.0624    8.2975
    2.0000    9.0549    6.8872
    3.0000    9.1593    8.2453
    4.0000    9.5250    9.3944
    5.0000   10.9353    9.3944
    6.0000   10.4652    7.8274
    7.0000   10.5174    6.7827
    8.0000   12.5545    7.1745
    9.0000   11.7971    7.6446
   10.0000   12.7112    8.7154
   11.0000   13.5730    7.5923

4 #time

23 #number of data points 

    1.0000    4.8360    7.1724
    2.0000    6.0425    5.3914
    3.0000    6.3298    7.2299
    4.0000    6.4734    9.2120
    5.0000    8.4555    9.7578
    6.0000    8.1395    7.0575
    7.0000    8.1108    4.9030
    8.0000   12.4198    5.3052
    9.0000   10.2653    7.2011
   10.0000   11.2420    9.9301
   11.0000   13.7699    7.9768
   12.0000    5.2956    5.9372
   13.0000    5.2669    8.2927
   14.0000    8.2257    5.5637
   15.0000    8.3693    8.6087
   16.0000   10.5238    8.6662
   17.0000   10.4376    5.5637
   18.0000   11.9601    7.4310
   19.0000   11.9314    8.9247
   20.0000   13.1666    9.4418
   21.0000   13.5401    6.2244
   22.0000   13.6837    7.0575
   23.0000   13.2528    7.7469

6 #time

27 #number of data points

    1.0000    4.3618   10.2216
    2.0000    5.1570    8.2856
    3.0000    5.9867   10.3599
    4.0000    5.7792   12.9527
    5.0000    7.9572   13.9206
    6.0000    9.0635   10.2216
    7.0000    7.4732    6.7991
    8.0000   16.4962    5.8657
    9.0000   12.5897   10.1870
   10.0000   12.3131   14.7849
   11.0000   22.7880   10.8784
   12.0000    4.5347    9.1153
   13.0000    4.5693   11.7427
   14.0000    8.7523    7.9745
   15.0000    8.8560   12.1230
   16.0000   12.4514   12.6761
   17.0000   12.6588    7.7325
   18.0000   16.4616   10.4636
   19.0000   16.3924   13.4367
   20.0000   17.4641   14.9232
   21.0000   19.0890    7.5942
   22.0000   21.8200    9.6684
   23.0000   21.3706   10.8093
   24.0000   21.0249    9.2882
   25.0000   19.6075   10.9476
   26.0000   19.6767   12.9872
   27.0000   19.9878   13.5404

8 # time

57 # number of data points

    1.0000    5.8377   15.4875
    2.0000    6.9533   12.9774
    3.0000    7.6227   15.6548
    4.0000    7.1206   18.2207
    5.0000    9.5749   19.4478
    6.0000   11.0252   15.3201
    7.0000    9.1845   11.6945
    8.0000   18.6669   10.3000
    9.0000   14.7066   15.4875
   10.0000   14.3161   21.0654
   11.0000   28.8187   15.9895
   12.0000    6.0608   14.3161
   13.0000    6.0051   17.0493
   14.0000   10.4674   13.0332
   15.0000   10.5232   17.6071
   16.0000   14.5950   18.2764
   17.0000   14.8739   12.3639
   18.0000   19.6151   15.4317
   19.0000   19.3362   19.1689
   20.0000   19.6151   22.1810
   21.0000   22.7945   11.6945
   22.0000   28.8187   14.2603
   23.0000   27.5915   15.9895
   24.0000   26.0855   13.7026
   25.0000   24.0217   16.2684
   26.0000   23.6312   19.2247
   27.0000   24.5795   20.8980
   28.0000    8.3478   12.3081
   29.0000    9.0729   14.0930
   30.0000    9.0729   16.7704
   31.0000    8.4593   19.0573
   32.0000   11.8619   20.3960
   33.0000   12.5870   17.6071
   34.0000   12.8101   13.8699
   35.0000   12.0292   12.2523
   36.0000   11.6387   10.9136
   37.0000   13.3679   10.1885
   38.0000   15.8222    9.4634
   39.0000   16.4357   11.0809
   40.0000   17.0493   13.8699
   41.0000   16.9935   16.7146
   42.0000   16.8820   19.3362
   43.0000   16.7146   21.6789
   44.0000   19.4478   12.5870
   45.0000   18.7227    8.7940
   46.0000   23.0734    9.4634
   47.0000   22.0694   15.0413
   48.0000   21.8463   17.4955
   49.0000   22.0136   20.1171
   50.0000   22.2925   21.8463
   51.0000   24.0217   12.8101
   52.0000   26.0855   11.0809
   53.0000   28.0935   12.9774
   54.0000   27.7031   14.0930
   55.0000   26.6433   17.2166
   56.0000   26.5875   18.9458
   57.0000   28.8187   17.6071

11 # time 

65 # number of data points 

    1.0000    5.7119   15.3917
    2.0000    6.8045   12.5236
    3.0000    7.7606   15.3917
    4.0000    7.1460   18.6012
    5.0000    9.7409   20.1719
    6.0000   11.5164   15.3917
    7.0000    9.2629   10.8164
    8.0000   20.3255    9.3141
    9.0000   16.0234   15.5966
   10.0000   14.6576   22.6985
   11.0000   35.3488   17.1672
   12.0000    5.7119   13.9577
   13.0000    5.9851   16.8941
   14.0000   10.7652   12.6602
   15.0000   10.6287   18.0549
   16.0000   15.5454   19.0793
   17.0000   15.6819   12.0456
   18.0000   21.8961   15.5966
   19.0000   20.9401   20.6499
   20.0000   20.5304   24.9520
   21.0000   25.5154   10.6116
   22.0000   35.8951   12.8651
   23.0000   33.7099   17.0989
   24.0000   30.2955   12.8651
   25.0000   27.5640   17.0306
   26.0000   26.5397   21.4693
   27.0000   27.0177   25.4983
   28.0000    8.2386   11.6359
   29.0000    9.4678   13.9577
   30.0000    9.3995   16.6892
   31.0000    8.4434   19.2841
   32.0000   11.9944   21.4693
   33.0000   13.3602   17.7135
   34.0000   13.6333   13.8894
   35.0000   12.6773   11.4993
   36.0000   11.7895    9.6556
   37.0000   13.9748    8.6312
   38.0000   16.4331    8.4264
   39.0000   17.4574   10.7482
   40.0000   18.6183   13.6845
   41.0000   18.4135   17.3038
   42.0000   18.0720   20.9913
   43.0000   17.2526   23.8594
   44.0000   21.4181   12.3871
   45.0000   19.6426    6.4460
   46.0000   25.8568    5.7631
   47.0000   25.0374   15.3917
   48.0000   24.4228   18.6695
   49.0000   24.1496   22.3571
   50.0000   24.0813   25.6349
   51.0000   27.5640   12.0456
   52.0000   30.5687    6.8558
   53.0000   33.5051   10.9530
   54.0000   33.1636   13.6162
   55.0000   31.7979   18.8061
   56.0000   30.7735   21.6742
   57.0000   35.6220   21.6059
   58.0000   15.9551    7.4021
   59.0000   22.7156    5.8997
   60.0000   23.5350    7.9484
   61.0000   29.3395    8.9044
   62.0000   32.8222    8.2215
   63.0000   31.0467   16.1429
   64.0000   30.3638   25.4300
   65.0000   33.0270   24.5423

13 # time 

65 # number of data points

    1.0000    5.4515   19.6379
    2.0000    6.1769   16.8167
    3.0000    7.0636   19.7185
    4.0000    6.9830   22.5397
    5.0000    9.6429   23.9099
    6.0000   10.8520   19.0737
    7.0000    8.4339   15.0434
    8.0000   19.3155   12.3835
    9.0000   15.7689   18.9125
   10.0000   14.7210   25.8444
   11.0000   36.9679   18.3482
   12.0000    5.3709   18.3482
   13.0000    5.6933   21.2500
   14.0000   10.1266   16.4943
   15.0000   10.6102   21.8142
   16.0000   15.6077   22.2978
   17.0000   15.0434   15.5271
   18.0000   21.8948   18.2676
   19.0000   21.3306   23.5875
   20.0000   21.0888   27.8595
   21.0000   24.7160   12.7059
   22.0000   36.0812   13.3507
   23.0000   34.7109   18.5900
   24.0000   30.0359   14.5598
   25.0000   27.7789   19.3961
   26.0000   27.1341   24.1517
   27.0000   27.7789   27.9402
   28.0000    7.3054   15.7689
   29.0000    8.8369   18.0258
   30.0000    8.9981   20.4439
   31.0000    8.1921   23.5069
   32.0000   12.2223   25.0384
   33.0000   13.1895   21.4918
   34.0000   13.2701   17.5422
   35.0000   11.8193   15.2046
   36.0000   10.6102   13.5120
   37.0000   12.3835   12.4641
   38.0000   15.2853   11.7387
   39.0000   16.4943   13.9150
   40.0000   17.9452   16.9779
   41.0000   18.4288   20.3633
   42.0000   18.5094   23.8293
   43.0000   17.7034   27.2147
   44.0000   20.6858   15.3659
   45.0000   18.1870    9.4011
   46.0000   23.6681    7.7890
   47.0000   24.9578   17.7034
   48.0000   24.6354   21.3306
   49.0000   24.7160   25.1190
   50.0000   24.7966   28.1820
   51.0000   26.8923   13.7538
   52.0000   28.8268    7.9502
   53.0000   33.1794   11.5774
   54.0000   33.1794   14.8822
   55.0000   32.2122   20.2827
   56.0000   31.8898   23.5875
   57.0000   37.2097   22.9427
   58.0000   14.4792   10.6102
   59.0000   20.6858    8.2727
   60.0000   22.2978   10.3684
   61.0000   28.3432   10.6102
   62.0000   31.7286    8.7563
   63.0000   31.4061   18.0258
   64.0000   31.1643   27.6983
   65.0000   34.4691   26.4893

15 # time

65 # number of points 

    1.0000    6.3452   18.3771
    2.0000    7.2040   15.9439
    3.0000    7.9196   18.5202
    4.0000    7.2040   21.2397
    5.0000    9.9235   23.0289
    6.0000   11.9273   18.4487
    7.0000    9.6372   14.0832
    8.0000   20.9445   12.2941
    9.0000   16.7222   18.5202
   10.0000   15.0046   25.5336
   11.0000   39.4799   19.5937
   12.0000    6.2736   17.0174
   13.0000    6.3452   20.0231
   14.0000   11.2116   15.8008
   15.0000   11.0685   20.9535
   16.0000   16.2212   22.0985
   17.0000   16.5075   15.1567
   18.0000   23.0199   18.3771
   19.0000   22.1611   23.6729
   20.0000   21.2308   28.2531
   21.0000   26.3835   12.7950
   22.0000   38.1918   13.2244
   23.0000   36.9036   19.4506
   24.0000   31.8940   14.9420
   25.0000   29.3177   19.5937
   26.0000   28.0295   24.8896
   27.0000   28.1010   28.9688
   28.0000    8.5637   14.7273
   29.0000    9.5656   16.9458
   30.0000    9.8519   19.7368
   31.0000    8.6353   22.1701
   32.0000   12.2851   24.3170
   33.0000   13.7880   20.8103
   34.0000   14.2174   16.8742
   35.0000   13.0723   14.6557
   36.0000   11.9988   12.6519
   37.0000   14.2174   11.9362
   38.0000   16.8653   11.5068
   39.0000   18.0103   13.9401
   40.0000   19.2985   16.8027
   41.0000   19.2985   20.3094
   42.0000   18.8691   24.1739
   43.0000   17.7241   26.9649
   44.0000   22.3043   15.1567
   45.0000   19.7279    9.0020
   46.0000   25.3816    7.2845
   47.0000   26.1688   18.0908
   48.0000   25.8825   21.5975
   49.0000   25.2384   25.8915
   50.0000   24.8090   29.1119
   51.0000   28.8167   14.0832
   52.0000   30.5343    7.2129
   53.0000   35.1145   11.4353
   54.0000   35.2576   15.3714
   55.0000   34.1841   21.2397
   56.0000   33.1106   24.4602
   57.0000   38.9074   24.6033
   58.0000   16.0781   10.2187
   59.0000   22.5905    8.0001
   60.0000   24.2365   10.2902
   61.0000   30.1764   10.4334
   62.0000   33.3253    8.0717
   63.0000   33.1822   18.3771
   64.0000   31.6077   28.9688
   65.0000   35.4007   27.8953



 



