#Y134-3 # only one leaf on the plant
#Leaf 1

7 # number of measuremnts 

0 # time  

8 # number of data points

   1.0000    9.3671    8.5499
   2.0000   10.0641    7.6365
   3.0000   10.2804    8.3335
   4.0000   10.2324    9.2950
   5.0000   10.8333    8.9104
   6.0000   10.7131    8.1412
   7.0000   10.6891    7.5644
   8.0000   11.3380    8.0451

2 # time 

12 # number of data points

    1.0000    7.6885    9.0767
    2.0000    8.7949    8.0112
    3.0000    9.0818    9.0767
    4.0000    8.7540   10.5928
    5.0000   10.4341   10.6748
    6.0000   10.5160    8.9947
    7.0000   10.1472    7.6424
    8.0000   12.6059    8.5030
    9.0000   11.9502    7.8473
   10.0000   11.5814    8.7488
   11.0000   12.1142   10.1831
   12.0000   13.0567    9.4864

4 # time 

13 # number of data points

    1.0000    8.2157   11.9026
    2.0000    9.1843   10.2075
    3.0000   10.1530   11.9994
    4.0000    9.5234   13.7914
    5.0000   11.8481   14.5663
    6.0000   12.2355   12.1447
    7.0000   10.8310    9.4325
    8.0000   16.4007   12.0479
    9.0000   14.2697    9.1419
   10.0000   14.0760   12.0479
   11.0000   14.8993   14.9538
   12.0000   17.7084   14.0336
   13.0000   17.0303   10.4980

6 # time 

39 # number of data points 

    1.0000    9.6404   18.8593
    2.0000   10.0430   16.4435
    3.0000   11.9220   18.6580
    4.0000   10.3115   21.2752
    5.0000   12.7945   23.0872
    6.0000   14.8748   18.8593
    7.0000   11.5865   15.1684
    8.0000   23.4646   18.4567
    9.0000   16.5525   13.2223
   10.0000   18.4986   18.6580
   11.0000   17.0894   24.8991
   12.0000   23.1962   25.8386
   13.0000   23.3304   14.0276
   14.0000   13.9353   13.9605
   15.0000   13.5326   16.5106
   16.0000   14.5393   20.7384
   17.0000   15.7472   16.2421
   18.0000   20.1092   13.0209
   19.0000   18.2973   15.8395
   20.0000   16.4854   18.7922
   21.0000   16.4183   21.5437
   22.0000   15.2103   24.0267
   23.0000   18.4315   21.6108
   24.0000   21.3172   15.1013
   25.0000   21.3843   17.0474
   26.0000   21.5856   19.5975
   27.0000   21.2501   22.6174
   28.0000   20.1092   25.5701
   29.0000   24.0686   22.2147
   30.0000   23.8673   20.6713
   31.0000   23.6660   17.0474
   32.0000   23.7331   15.4368
   33.0000   25.9476   16.7790
   34.0000   25.9476   19.5304
   35.0000   26.3503   22.1476
   36.0000   26.8200   24.8991
   37.0000   29.3701   22.2819
   38.0000   28.1622   20.6713
   39.0000   27.5582   18.2554

8 # time 

50 # number of data points

    1.0000    4.5503   11.3409
    2.0000    5.0380    9.0850
    3.0000    6.7452   11.4629
    4.0000    4.4893   13.5969
    5.0000    6.2575   15.7309
    6.0000    9.4889   11.7677
    7.0000    6.4404    7.7436
    8.0000   19.6711   12.4384
    9.0000   10.8303    5.7316
   10.0000   13.4521   12.0116
   11.0000   10.5254   18.5965
   12.0000   17.1103   20.9134
   13.0000   17.8420    6.8291
   14.0000    8.3915    6.4023
   15.0000    8.5134    9.2069
   16.0000    8.7573   13.9017
   17.0000   10.6474    8.8411
   18.0000   14.7324    5.4877
   19.0000   13.4521    8.6582
   20.0000   11.3790   11.7068
   21.0000   10.5864   14.5724
   22.0000    8.3305   17.4380
   23.0000   12.9033   15.2431
   24.0000   16.6835    8.1704
   25.0000   16.9274   10.4873
   26.0000   16.8055   13.6578
   27.0000   15.5251   17.3771
   28.0000   13.4521   19.9988
   29.0000   19.4272   17.8039
   30.0000   19.7930   15.5479
   31.0000   19.5492   10.6093
   32.0000   19.1833    8.7192
   33.0000   23.5733    9.4508
   34.0000   22.9635   14.1456
   35.0000   22.4758   18.1697
   36.0000   22.4758   21.2792
   37.0000   28.0241   19.1452
   38.0000   26.6828   16.4015
   39.0000   26.6218   11.7068
   40.0000   25.5853   20.2427
   41.0000   24.6707   18.1087
   42.0000   25.0366   14.7553
   43.0000   24.8536   12.0726
   44.0000   26.3170    9.0850
   45.0000   28.2680    7.4388
   46.0000   28.8777   11.7068
   47.0000   29.1216   14.2066
   48.0000   30.1581   16.9503
   49.0000   30.5849   11.9506
   50.0000   30.1581    8.5972

11 # time 

64 # number of data points 


    1.0000   10.8554   24.3572
    2.0000   10.3604   22.0801
    3.0000   12.0434   24.3572
    4.0000   11.3504   27.2283
    5.0000   12.3405   29.6045
    6.0000   14.3206   24.6542
    7.0000   11.0534   20.2980
    8.0000   27.5872   23.0701
    9.0000   15.0136   16.7338
   10.0000   18.9738   24.4562
   11.0000   17.2907   33.1686
   12.0000   24.7161   36.9308
   13.0000   23.6270   13.4666
   14.0000   12.7365   18.8129
   15.0000   12.9345   21.8821
   16.0000   14.4196   27.6244
   17.0000   14.8156   20.9910
   18.0000   18.7758   13.9617
   19.0000   17.9837   19.6050
   20.0000   16.1027   24.2582
   21.0000   16.1027   28.1194
   22.0000   14.4196   31.9806
   23.0000   19.2708   28.7134
   24.0000   21.2509   18.1199
   25.0000   23.0330   21.0900
   26.0000   23.9241   25.5453
   27.0000   22.6370   30.9905
   28.0000   20.3599   35.4458
   29.0000   28.0823   31.6836
   30.0000   28.0823   27.1293
   31.0000   26.5972   19.9020
   32.0000   25.7061   16.9318
   33.0000   33.1315   17.9219
   34.0000   32.9335   25.0502
   35.0000   32.3395   31.8816
   36.0000   31.1514   37.5249
   37.0000   41.0519   34.8517
   38.0000   39.4678   28.7134
   39.0000   39.7649   21.2880
   40.0000   35.9037   36.5348
   41.0000   35.7057   31.2876
   42.0000   36.7947   25.9413
   43.0000   35.6066   21.7831
   44.0000   37.5867   16.8328
   45.0000   38.2798   10.9915
   46.0000   44.6161   20.5950
   47.0000   44.6161   25.8423
   48.0000   45.2101   32.0796
   49.0000   48.5763   21.0900
   50.0000   42.6360   12.5756
   51.0000   29.5673   17.2288
   52.0000   30.2604   22.1791
   53.0000   30.8544   27.2283
   54.0000   32.8345   20.7930
   55.0000   32.0425   13.9617
   56.0000   34.0226   10.1995
   57.0000   37.5867   14.1597
   58.0000   36.6957   20.2980
   59.0000   40.3589   32.8716
   60.0000   40.1609   24.9512
   61.0000   41.3489   16.7338
   62.0000   46.1012   16.1398
   63.0000   48.9723   23.8622
   64.0000   48.8733   27.6244

13 # time 

64 # number of data points 

    1.0000    8.9595   20.7612
    2.0000    8.9595   18.5687
    3.0000   10.7460   21.0860
    4.0000    9.4467   23.6033
    5.0000   11.1520   26.2831
    6.0000   13.7506   22.0605
    7.0000   10.0152   16.9446
    8.0000   28.1237   22.1417
    9.0000   15.6183   14.7521
   10.0000   19.0288   22.6289
   11.0000   16.3491   30.7493
   12.0000   23.9011   35.4592
   13.0000   25.5252   12.3972
   14.0000   12.5325   15.9701
   15.0000   12.2889   19.0559
   16.0000   13.4257   24.8214
   17.0000   14.5626   18.8123
   18.0000   20.4905   11.9911
   19.0000   18.6228   18.0815
   20.0000   16.0243   21.8981
   21.0000   15.4559   25.5522
   22.0000   13.5882   29.2876
   23.0000   18.7040   26.6891
   24.0000   22.7642   16.5386
   25.0000   23.9011   19.9492
   26.0000   23.9823   24.3342
   27.0000   22.0334   29.4501
   28.0000   19.6785   33.3479
   29.0000   27.4741   30.3433
   30.0000   27.8801   26.3643
   31.0000   27.7177   19.0559
   32.0000   26.9057   15.8077
   33.0000   34.5389   17.0258
   34.0000   33.5644   25.2274
   35.0000   31.9403   31.9674
   36.0000   29.8290   37.3269
   37.0000   40.2231   36.9208
   38.0000   39.6547   30.4245
   39.0000   41.4412   21.8169
   40.0000   34.8637   37.6517
   41.0000   35.5945   32.2922
   42.0000   37.2186   26.9327
   43.0000   36.4878   22.3041
   44.0000   39.2487   16.3762
   45.0000   40.3044   10.2858
   46.0000   46.3947   21.1672
   47.0000   45.5014   27.1763
   48.0000   45.4202   34.8095
   49.0000   50.6985   21.8981
   50.0000   44.9330   11.9099
   51.0000   30.7223   16.3762
   52.0000   31.2095   21.4108
   53.0000   30.9659   27.0951
   54.0000   34.1328   20.4364
   55.0000   33.7268   13.1280
   56.0000   35.3509    9.4738
   57.0000   39.7359   13.6152
   58.0000   38.1118   20.1928
   59.0000   39.9795   34.3223
   60.0000   41.4412   25.9583
   61.0000   43.2277   16.4574
   62.0000   48.9932   16.2138
   63.0000   50.7797   25.1462
   64.0000   49.8865   30.0997






 



 

